Chair,8,1,Turnbuckle,1,8,2,2,16,10%10,3,r~11,5,r~4,8,l%1,10,0,0,n~1,9,15,0,n~16,1,0,0,n~16,1,0,9,n~1,2,4,2,n~1,2,9,1,n~1,1,9,3,d~12,1,0,4,n~12,1,0,6,n%
Knife,19,2,Flair,20,19,19,19,22,21%1,19,l~7,9,r~7,10,r~6,2,r~10,16,u~14,11,u~17,9,d~19,7,u%22,1,0,0,n~22,1,0,20,n~1,21,0,0,n~1,21,21,0,n~2,1,1,6,d~5,1,3,6,n~1,6,8,3,n~2,1,1,17,d~6,1,3,17,n~1,6,8,11,n~1,2,13,1,d~1,6,13,3,n~5,1,14,6,n~1,6,13,11,n~8,1,13,17,n%
Goldendust,19,15,Blank,19,15,11,11,23,23%3,7,d~5,5,l~11,1,r~10,1,d~11,6,r~16,5,r~5,10,d~5,12,l~7,19,r~17,19,u%1,23,0,0,n~23,1,0,0,n~1,23,22,0,n~23,1,0,22,n~4,1,1,9,d~4,1,1,13,d~5,1,5,9,n~1,1,6,10,n~5,1,5,13,n~1,6,9,4,n~1,6,9,13,n~2,1,10,7,n~1,3,13,1,d~1,6,13,4,n~6,1,13,9,n~1,6,13,13,n~10,1,13,13,n%
Exitdoor,9,27,Blank,9,27,7,2,15,33%4,25,u~5,12,u~4,19,l~1,2,r~1,3,r~2,4,r~1,6,r~7,28,r~11,21,d~12,6,d%15,1,0,0,n~1,33,0,0,n~15,1,0,32,n~1,33,14,0,n~11,1,0,5,n~1,10,10,7,n~7,1,4,20,n~7,1,4,16,n~7,1,4,26,n~1,3,4,26,n~1,4,10,26,n~3,1,11,5,d~3,1,11,20,d~3,1,1,16,d%
Key,22,32,Gymdoor,38,18,3,36,40,40%28,32,u~37,32,u~14,32,r~27,34,r~32,10,r~10,2,r~18,28,d~24,34,d~8,17,d~24,13,d%40,1,0,0,n~1,40,39,0,n~40,1,0,39,n~1,40,0,0,n~1,11,7,23,n~11,1,7,33,n~6,1,21,33,n~5,1,30,33,n~1,17,23,17,n~1,17,32,17,n~1,13,7,5,n~11,1,7,27,n~1,2,23,33,n~8,1,32,17,n~21,1,13,5,n~11,1,13,17,n~1,9,23,5,n~6,1,27,17,n~3,1,18,33,d~3,1,27,33,d~4,1,35,33,d~3,1,24,17,d~6,4,12,9,d%
Hammer,4,4,Car,45,9,35,20,70,40%16,23,u~56,5,u~24,15,l~19,36,l~5,4,l~11,25,r~52,27,r~49,13,d~40,29,d~62,27,d%70,1,0,0,n~1,40,0,0,n~70,1,0,39,n~1,40,69,0,n~7,1,0,16,n~8,1,11,16,n~8,1,24,16,n~1,12,31,5,n~8,1,39,16,n~7,1,52,16,n~5,1,65,16,n~1,12,39,5,n~13,1,0,23,n~15,1,17,23,n~1,11,31,23,n~1,11,39,23,n~15,1,39,23,n~11,1,59,23,n~1,16,15,1,n~1,12,55,5,n~17,1,39,5,n~23,1,9,33,n~1,5,9,28,n~13,1,46,33,n~1,6,52,28,n~1,5,35,35,n%
Shampoo,7,7,Undertaker,25,3,20,25,0,0%6,11,u~14,17,u~13,7,l~5,27,l~1,7,r~17,29,r~7,1,d~25,12,d~14,13,d%30,1,0,0,n~1,33,29,0,n~30,1,0,32,n~1,33,0,0,n~8,1,5,28,n~1,8,12,21,n~1,8,17,21,n~8,1,17,28,n~21,1,4,18,n~1,6,4,18,n~1,5,24,21,n~1,11,24,18,n~21,1,4,12,n~1,12,14,0,n~13,1,17,6,n~4,1,22,18,n~1,4,6,5,d~4,1,6,8,d~1,4,9,5,d~3,1,7,5,d~2,1,15,6,d%
Exitdoor,48,1,Blank,48,1,1,28,50,30%7,5,u~26,25,u~8,23,l~40,13,l~31,5,l~12,23,r~23,12,r~38,3,r~18,11,r~40,12,r~22,22,r~32,19,d%50,1,0,0,n~1,30,0,0,n~50,1,0,29,n~1,30,49,0,n~8,1,6,24,d~12,1,7,12,d~1,9,18,16,d~9,1,23,19,d~1,7,23,5,d~1,5,31,10,d~7,1,27,25,d~8,1,31,4,d~7,1,40,14,d~1,6,39,20,d~1,4,14,3,d~1,4,19,1,d~1,4,22,25,d~8,1,41,7,d~1,7,6,12,d~1,7,6,5,d%
Cardkey,7,20,Exitdoor,38,29,3,6,40,40%16,10,u~4,2,l~8,26,l~37,34,l~4,20,r~34,5,r~5,36,r~20,6,r~11,21,r~27,17,r~36,20,d~20,25,d~8,21,d%1,40,0,0,n~40,1,0,39,n~1,40,39,0,n~40,1,0,0,n~14,1,0,9,n~1,22,13,9,n~28,1,5,34,n~14,1,26,30,n~1,22,26,9,n~20,1,0,4,n~1,30,19,4,n~9,1,0,30,n~9,1,26,4,n~1,22,33,4,n~4,4,3,22,d~4,4,8,22,d~4,4,3,15,d~4,4,8,15,d%
Net,39,1,McMahon,76,16,1,9,80,20%49,14,u~33,12,u~60,11,u~26,7,u~50,8,l~19,9,l~7,15,l~25,15,l~51,9,d~74,8,d%1,20,0,0,n~80,1,0,0,n~1,20,79,0,n~80,1,0,19,n~12,1,0,11,n~14,1,19,11,n~9,1,38,11,n~8,1,52,11,n~8,1,66,11,n~12,1,0,8,n~14,1,19,8,n~9,1,38,8,n~9,1,51,8,n~8,1,66,8,n~1,5,19,11,n~1,8,38,11,n~1,8,73,11,n~1,6,55,11,n~1,6,19,3,n~1,8,38,1,n~1,9,51,0,n~1,5,66,4,n~1,10,14,5,n~10,3,3,3,d~12,5,53,2,d%
Belt,5,5,Blank,5,5,10,47,20,50%18,30,c~17,31,c~5,1,c~2,17,c~1,16,c%1,50,0,0,n~20,1,0,49,n~1,50,19,0,n~20,1,0,0,n~12,11,4,35,n~12,10,4,20,n~5,11,4,6,n~5,11,11,6,n~1,4,8,0,n~1,4,11,0,n~1,11,16,35,n~1,11,3,35,n~1,10,3,20,n~1,10,16,20,n~1,11,3,6,n~1,11,16,6,n~2,1,17,35,d~2,1,1,35,d~2,1,1,20,d~2,1,17,20,d~2,1,9,16,d~1,2,8,4,d%
Belt,8,1,Blank,1,8,2,2,16,10%0,0,u%0,0,1,1,d%
Belt,8,1,Blank,1,8,2,2,16,10%10,3,r~11,5,r~4,8,l%1,10,0,0,n~1,9,15,0,n~16,1,0,0,n~16,1,0,9,n~1,2,4,2,n~1,2,9,1,n~1,1,9,3,d~12,1,0,4,n~12,1,0,6,n%
